{
  "structures": [
    {
      "oqmd_id": "8100",
      "formula": "Al",
      "elastic_tensor": [
        [
          103.65992494261513,
          67.40680399753624,
          67.40680399753656,
          0.0,
          0.0,
          0.0
        ],
        [
          67.40680399753624,
          103.6599249426152,
          67.40680399753685,
          0.0,
          0.0,
          0.0
        ],
        [
          67.40680399753656,
          67.40680399753685,
          103.6599249426162,
          0.0,
          0.0,
          0.0
        ],
        [
          0.0,
          0.0,
          0.0,
          21.854283515368287,
          0.0,
          0.0
        ],
        [
          0.0,
          0.0,
          0.0,
          0.0,
          21.854283515368426,
          0.0
        ],
        [
          0.0,
          0.0,
          0.0,
          0.0,
          0.0,
          21.85428351536819
        ]
      ],
      "k_voigt": 79.49,
      "g_voigt": 20.36,
      "C_11": 103.66,
      "C_21": 67.41,
      "C_22": 103.66,
      "C_31": 67.41,
      "C_32": 67.41,
      "C_33": 103.66,
      "C_41": 0.0,
      "C_42": 0.0,
      "C_43": 0.0,
      "C_44": 21.85,
      "C_51": 0.0,
      "C_52": 0.0,
      "C_53": 0.0,
      "C_54": 0.0,
      "C_55": 21.85,
      "C_61": 0.0,
      "C_62": 0.0,
      "C_63": 0.0,
      "C_64": 0.0,
      "C_65": 0.0,
      "C_66": 21.85
    },
    {
      "oqmd_id": "635950",
      "formula": "Cu",
      "elastic_tensor": [
        [
          167.62434930197517,
          128.99022382009733,
          128.99022382009764,
          0.0,
          0.0,
          0.0
        ],
        [
          128.99022382009733,
          167.62434930197512,
          128.99022382009778,
          0.0,
          0.0,
          0.0
        ],
        [
          128.99022382009764,
          128.99022382009778,
          167.62434930197517,
          0.0,
          0.0,
          0.0
        ],
        [
          0.0,
          0.0,
          0.0,
          69.30630244470986,
          0.0,
          0.0
        ],
        [
          0.0,
          0.0,
          0.0,
          0.0,
          69.30630244470977,
          0.0
        ],
        [
          0.0,
          0.0,
          0.0,
          0.0,
          0.0,
          69.30630244470981
        ]
      ],
      "k_voigt": 141.87,
      "g_voigt": 49.31,
      "C_11": 167.62,
      "C_21": 128.99,
      "C_22": 167.62,
      "C_31": 128.99,
      "C_32": 128.99,
      "C_33": 167.62,
      "C_41": 0.0,
      "C_42": 0.0,
      "C_43": 0.0,
      "C_44": 69.31,
      "C_51": 0.0,
      "C_52": 0.0,
      "C_53": 0.0,
      "C_54": 0.0,
      "C_55": 69.31,
      "C_61": 0.0,
      "C_62": 0.0,
      "C_63": 0.0,
      "C_64": 0.0,
      "C_65": 0.0,
      "C_66": 69.31
    },
    {
      "oqmd_id": "9226",
      "formula": "Mg",
      "elastic_tensor": [
        [
          54.41425613351095,
          29.11554401606057,
          22.73410309529492,
          -2.3856432032602937e-05,
          0.0,
          0.0
        ],
        [
          29.11554401606057,
          54.374848761319996,
          22.732483786875413,
          2.3940156800928827e-05,
          0.0,
          0.0
        ],
        [
          22.73410309529492,
          22.732483786875413,
          58.55904782010978,
          2.024368265929487e-07,
          0.0,
          0.0
        ],
        [
          -2.3856432032602937e-05,
          2.3940156800928827e-05,
          2.024368265929487e-07,
          12.835379102352247,
          0.0,
          0.0
        ],
        [
          0.0,
          0.0,
          0.0,
          0.0,
          12.83442639402569,
          8.896531465726548e-06
        ],
        [
          0.0,
          0.0,
          0.0,
          0.0,
          8.896531465726548e-06,
          12.62204866202847
        ]
      ],
      "k_voigt": 35.17,
      "g_voigt": 13.84,
      "C_11": 54.41,
      "C_21": 29.12,
      "C_22": 54.37,
      "C_31": 22.73,
      "C_32": 22.73,
      "C_33": 58.56,
      "C_41": -0.0,
      "C_42": 0.0,
      "C_43": 0.0,
      "C_44": 12.84,
      "C_51": 0.0,
      "C_52": 0.0,
      "C_53": 0.0,
      "C_54": 0.0,
      "C_55": 12.83,
      "C_61": 0.0,
      "C_62": 0.0,
      "C_63": 0.0,
      "C_64": 0.0,
      "C_65": 0.0,
      "C_66": 12.62
    },
    {
      "oqmd_id": "122929",
      "formula": "Zn",
      "elastic_tensor": [
        [
          94.7744781019378,
          69.0114771987876,
          73.89369637868649,
          -7.06156898774465e-07,
          0.0,
          2.2173650515344525e-08
        ],
        [
          69.0114771987876,
          94.63275549388639,
          73.88104625461648,
          -2.2047243307966067e-06,
          0.0,
          4.1114589409475234e-08
        ],
        [
          73.89369637868649,
          73.88104625461648,
          101.23976063029161,
          2.4144836291160515e-07,
          0.0,
          1.0266621701738686e-08
        ],
        [
          -7.06156898774465e-07,
          -2.2047243307966067e-06,
          2.4144836291160515e-07,
          16.164385328738685,
          0.0,
          0.0
        ],
        [
          0.0,
          0.0,
          0.0,
          0.0,
          16.159682293812793,
          9.236158637422842e-06
        ],
        [
          2.2173650515344525e-08,
          4.1114589409475234e-08,
          1.0266621701738686e-08,
          0.0,
          9.236158637422842e-06,
          12.797064154529114
        ]
      ],
      "k_voigt": 80.47,
      "g_voigt": 13.95,
      "C_11": 94.77,
      "C_21": 69.01,
      "C_22": 94.63,
      "C_31": 73.89,
      "C_32": 73.88,
      "C_33": 101.24,
      "C_41": -0.0,
      "C_42": -0.0,
      "C_43": 0.0,
      "C_44": 16.16,
      "C_51": 0.0,
      "C_52": 0.0,
      "C_53": 0.0,
      "C_54": 0.0,
      "C_55": 16.16,
      "C_61": 0.0,
      "C_62": 0.0,
      "C_63": 0.0,
      "C_64": 0.0,
      "C_65": 0.0,
      "C_66": 12.8
    },
    {
      "oqmd_id": "695020",
      "formula": "Al2Cu",
      "elastic_tensor": [
        [
          121.13630048464852,
          84.35223534264348,
          84.35223534263648,
          0.0,
          5.01516374888828e-06,
          0.0
        ],
        [
          84.35223534264348,
          121.13630048462514,
          84.35223534264324,
          0.0,
          -1.1848350130225937e-05,
          0.0
        ],
        [
          84.35223534263648,
          84.35223534264324,
          121.13630048464856,
          0.0,
          2.029136085568173e-06,
          0.0
        ],
        [
          0.0,
          0.0,
          0.0,
          32.54449782842907,
          0.0,
          -2.576891844069331e-06
        ],
        [
          5.01516374888828e-06,
          -1.1848350130225937e-05,
          2.029136085568173e-06,
          0.0,
          32.54449782841335,
          0.0
        ],
        [
          0.0,
          0.0,
          0.0,
          -2.576891844069331e-06,
          0.0,
          32.54449782843103
        ]
      ],
      "k_voigt": 96.61,
      "g_voigt": 26.88,
      "C_11": 121.14,
      "C_21": 84.35,
      "C_22": 121.14,
      "C_31": 84.35,
      "C_32": 84.35,
      "C_33": 121.14,
      "C_41": 0.0,
      "C_42": 0.0,
      "C_43": 0.0,
      "C_44": 32.54,
      "C_51": 0.0,
      "C_52": -0.0,
      "C_53": 0.0,
      "C_54": 0.0,
      "C_55": 32.54,
      "C_61": 0.0,
      "C_62": 0.0,
      "C_63": 0.0,
      "C_64": -0.0,
      "C_65": 0.0,
      "C_66": 32.54
    },
    {
      "oqmd_id": "10434",
      "formula": "Al2CuMg",
      "elastic_tensor": [
        [
          101.70348243268035,
          58.53738539804075,
          78.28748402953157,
          6.94738940410349e-07,
          0.0,
          -5.886902655112185e-07
        ],
        [
          58.53738539804075,
          128.2735915458975,
          58.32686288503939,
          2.610975034065772e-07,
          0.0,
          -9.624898797583931e-08
        ],
        [
          78.28748402953157,
          58.32686288503939,
          100.33983694274743,
          -3.4527418337981953e-07,
          0.0,
          1.304919595808532e-06
        ],
        [
          6.94738940410349e-07,
          2.610975034065772e-07,
          -3.4527418337981953e-07,
          27.975458838861442,
          1.9664714783740722e-07,
          0.0
        ],
        [
          0.0,
          0.0,
          0.0,
          1.9664714783740722e-07,
          38.64086834781327,
          -2.2423867761634553e-07
        ],
        [
          -5.886902655112185e-07,
          -9.624898797583931e-08,
          1.304919595808532e-06,
          0.0,
          -2.2423867761634553e-07,
          33.27127580473851
        ]
      ],
      "k_voigt": 80.07,
      "g_voigt": 28.99,
      "C_11": 101.7,
      "C_21": 58.54,
      "C_22": 128.27,
      "C_31": 78.29,
      "C_32": 58.33,
      "C_33": 100.34,
      "C_41": 0.0,
      "C_42": 0.0,
      "C_43": -0.0,
      "C_44": 27.98,
      "C_51": 0.0,
      "C_52": 0.0,
      "C_53": 0.0,
      "C_54": 0.0,
      "C_55": 38.64,
      "C_61": -0.0,
      "C_62": -0.0,
      "C_63": 0.0,
      "C_64": 0.0,
      "C_65": -0.0,
      "C_66": 33.27
    },
    {
      "oqmd_id": "NOTINOQMD_00001",
      "formula": "Al2Cu",
      "elastic_tensor": [
        [
          138.5662641863544,
          99.12332194652112,
          78.2431517266201,
          0.0,
          0.0,
          0.0
        ],
        [
          99.12332194652112,
          138.56626418635202,
          78.24315172662118,
          0.0,
          0.0,
          0.0
        ],
        [
          78.2431517266201,
          78.24315172662118,
          153.0893109693104,
          0.0,
          0.0,
          0.0
        ],
        [
          0.0,
          0.0,
          0.0,
          25.872537063307398,
          0.0,
          0.0
        ],
        [
          0.0,
          0.0,
          0.0,
          0.0,
          25.872537063306876,
          0.0
        ],
        [
          0.0,
          0.0,
          0.0,
          0.0,
          0.0,
          22.279915609231548
        ]
      ],
      "k_voigt": 104.6,
      "g_voigt": 26.45,
      "C_11": 138.57,
      "C_21": 99.12,
      "C_22": 138.57,
      "C_31": 78.24,
      "C_32": 78.24,
      "C_33": 153.09,
      "C_41": 0.0,
      "C_42": 0.0,
      "C_43": 0.0,
      "C_44": 25.87,
      "C_51": 0.0,
      "C_52": 0.0,
      "C_53": 0.0,
      "C_54": 0.0,
      "C_55": 25.87,
      "C_61": 0.0,
      "C_62": 0.0,
      "C_63": 0.0,
      "C_64": 0.0,
      "C_65": 0.0,
      "C_66": 22.28
    },
    {
      "oqmd_id": "NOTINOQMD_00002",
      "formula": "Al3Cu",
      "elastic_tensor": [
        [
          139.90688278839772,
          75.94654401180063,
          75.42396333759052,
          0.0,
          0.0,
          0.0
        ],
        [
          75.94654401180063,
          139.90688278839812,
          75.42396333759119,
          0.0,
          0.0,
          0.0
        ],
        [
          75.42396333759052,
          75.42396333759119,
          133.58886513089925,
          0.0,
          0.0,
          0.0
        ],
        [
          0.0,
          0.0,
          0.0,
          29.356747603805424,
          0.0,
          0.0
        ],
        [
          0.0,
          0.0,
          0.0,
          0.0,
          29.356747603805953,
          0.0
        ],
        [
          0.0,
          0.0,
          0.0,
          0.0,
          0.0,
          30.457421605494375
        ]
      ],
      "k_voigt": 96.33,
      "g_voigt": 30.27,
      "C_11": 139.91,
      "C_21": 75.95,
      "C_22": 139.91,
      "C_31": 75.42,
      "C_32": 75.42,
      "C_33": 133.59,
      "C_41": 0.0,
      "C_42": 0.0,
      "C_43": 0.0,
      "C_44": 29.36,
      "C_51": 0.0,
      "C_52": 0.0,
      "C_53": 0.0,
      "C_54": 0.0,
      "C_55": 29.36,
      "C_61": 0.0,
      "C_62": 0.0,
      "C_63": 0.0,
      "C_64": 0.0,
      "C_65": 0.0,
      "C_66": 30.46
    }
  ]
}