{
  "structures": [
    {
      "oqmd_id": "8100",
      "formula": "Al",
      "elastic_tensor": [
        [
          108.0844792335543,
          70.66086674765427,
          70.6608667476545,
          -1.2495590016217159e-14,
          -6.334369692053696e-14,
          -1.6491772262273524e-13
        ],
        [
          70.66086674765427,
          108.08447923355541,
          70.66086674765481,
          -1.5540003489574255e-13,
          -2.1748580536577898e-13,
          -2.0223431551474345e-13
        ],
        [
          70.6608667476545,
          70.66086674765481,
          108.08447923355462,
          9.754627285969588e-14,
          -2.5457778851024874e-13,
          -1.7407073329253815e-13
        ],
        [
          -1.2495590016217159e-14,
          -1.5540003489574255e-13,
          9.754627285969588e-14,
          22.953807640810194,
          6.760793807519299e-15,
          -2.4201687941171284e-14
        ],
        [
          -6.334369692053696e-14,
          -2.1748580536577898e-13,
          -2.5457778851024874e-13,
          6.760793807519299e-15,
          22.953807640810613,
          4.563603675511905e-15
        ],
        [
          -1.6491772262273524e-13,
          -2.0223431551474345e-13,
          -1.7407073329253815e-13,
          -2.4201687941171284e-14,
          4.563603675511905e-15,
          22.953807640810258
        ]
      ],
      "k_voigt": 83.14,
      "g_voigt": 21.26,
      "C_11": 108.08,
      "C_21": 70.66,
      "C_22": 108.08,
      "C_31": 70.66,
      "C_32": 70.66,
      "C_33": 108.08,
      "C_41": -0.0,
      "C_42": -0.0,
      "C_43": 0.0,
      "C_44": 22.95,
      "C_51": -0.0,
      "C_52": -0.0,
      "C_53": -0.0,
      "C_54": 0.0,
      "C_55": 22.95,
      "C_61": -0.0,
      "C_62": -0.0,
      "C_63": -0.0,
      "C_64": -0.0,
      "C_65": 0.0,
      "C_66": 22.95
    },
    {
      "oqmd_id": "635950",
      "formula": "Cu",
      "elastic_tensor": [
        [
          170.71662371678255,
          131.83293829723775,
          131.83293829723812,
          3.6501026402620107e-13,
          -3.5887148469029164e-13,
          -9.85537999645259e-14
        ],
        [
          131.83293829723775,
          170.71662371678207,
          131.83293829723786,
          1.1335094122375249e-13,
          -4.116861290847362e-13,
          -2.282543765453249e-13
        ],
        [
          131.83293829723812,
          131.83293829723786,
          170.7166237167826,
          -1.3494608118133026e-13,
          -4.005552612512916e-13,
          -4.4411240889418016e-13
        ],
        [
          3.6501026402620107e-13,
          1.1335094122375249e-13,
          -1.3494608118133026e-13,
          70.1936276114769,
          -4.967704513618677e-14,
          -1.3451200720399587e-13
        ],
        [
          -3.5887148469029164e-13,
          -4.116861290847362e-13,
          -4.005552612512916e-13,
          -4.967704513618677e-14,
          70.19362761147765,
          -5.800707463402145e-14
        ],
        [
          -9.85537999645259e-14,
          -2.282543765453249e-13,
          -4.4411240889418016e-13,
          -1.3451200720399587e-13,
          -5.800707463402145e-14,
          70.19362761147718
        ]
      ],
      "k_voigt": 144.79,
      "g_voigt": 49.89,
      "C_11": 170.72,
      "C_21": 131.83,
      "C_22": 170.72,
      "C_31": 131.83,
      "C_32": 131.83,
      "C_33": 170.72,
      "C_41": 0.0,
      "C_42": 0.0,
      "C_43": -0.0,
      "C_44": 70.19,
      "C_51": -0.0,
      "C_52": -0.0,
      "C_53": -0.0,
      "C_54": -0.0,
      "C_55": 70.19,
      "C_61": -0.0,
      "C_62": -0.0,
      "C_63": -0.0,
      "C_64": -0.0,
      "C_65": -0.0,
      "C_66": 70.19
    },
    {
      "oqmd_id": "9226",
      "formula": "Mg",
      "elastic_tensor": [
        [
          58.07933506711856,
          26.190647214632186,
          22.677154423788423,
          1.6620417423075855e-05,
          7.60845034923347e-14,
          -5.358770101901135e-13
        ],
        [
          26.190647214632186,
          58.06921053508983,
          22.665835724096546,
          -1.6624708591367764e-05,
          3.1997267262619195e-13,
          -4.124623636782469e-13
        ],
        [
          22.677154423788423,
          22.665835724096546,
          58.25767341634889,
          1.6498826640478085e-08,
          1.5825443682627487e-13,
          -6.441987321118343e-13
        ],
        [
          1.6620417423075855e-05,
          -1.6624708591367764e-05,
          1.6498826640478085e-08,
          12.609277665194156,
          7.944169578310431e-14,
          5.78535701875758e-14
        ],
        [
          7.60845034923347e-14,
          3.1997267262619195e-13,
          1.5825443682627487e-13,
          7.944169578310431e-14,
          12.62379320538298,
          1.6619241987001517e-05
        ],
        [
          -5.358770101901135e-13,
          -4.124623636782469e-13,
          -6.441987321118343e-13,
          5.78535701875758e-14,
          1.6619241987001517e-05,
          15.942335996244926
        ]
      ],
      "k_voigt": 35.27,
      "g_voigt": 15.09,
      "C_11": 58.08,
      "C_21": 26.19,
      "C_22": 58.07,
      "C_31": 22.68,
      "C_32": 22.67,
      "C_33": 58.26,
      "C_41": 0.0,
      "C_42": -0.0,
      "C_43": 0.0,
      "C_44": 12.61,
      "C_51": 0.0,
      "C_52": 0.0,
      "C_53": 0.0,
      "C_54": 0.0,
      "C_55": 12.62,
      "C_61": -0.0,
      "C_62": -0.0,
      "C_63": -0.0,
      "C_64": 0.0,
      "C_65": 0.0,
      "C_66": 15.94
    },
    {
      "oqmd_id": "122929",
      "formula": "Zn",
      "elastic_tensor": [
        [
          149.71977522991475,
          89.39052662868416,
          55.91916773579622,
          -3.241884874457084e-05,
          1.3050379305034084e-10,
          -4.424724056134644e-05
        ],
        [
          89.39052662868416,
          149.6852145922099,
          55.91561854312984,
          3.239133305052173e-05,
          1.3225008097583875e-10,
          -1.5209064185853851e-05
        ],
        [
          55.91916773579622,
          55.91561854312984,
          45.99053548234876,
          -2.22812295278068e-08,
          2.589094076950852e-10,
          -1.6279745998396172e-05
        ],
        [
          -3.241884874457084e-05,
          3.239133305052173e-05,
          -2.22812295278068e-08,
          8.911950976245057,
          -4.9389284138425954e-05,
          -1.1050817105381028e-12
        ],
        [
          1.3050379305034084e-10,
          1.3225008097583875e-10,
          2.589094076950852e-10,
          -4.9389284138425954e-05,
          8.922703314852498,
          -3.2397782368573025e-05
        ],
        [
          -4.424724056134644e-05,
          -1.5209064185853851e-05,
          -1.6279745998396172e-05,
          -1.1050817105381028e-12,
          -3.2397782368573025e-05,
          30.14046483057383
        ]
      ],
      "k_voigt": 83.09,
      "g_voigt": 19.21,
      "C_11": 149.72,
      "C_21": 89.39,
      "C_22": 149.69,
      "C_31": 55.92,
      "C_32": 55.92,
      "C_33": 45.99,
      "C_41": -0.0,
      "C_42": 0.0,
      "C_43": -0.0,
      "C_44": 8.91,
      "C_51": 0.0,
      "C_52": 0.0,
      "C_53": 0.0,
      "C_54": -0.0,
      "C_55": 8.92,
      "C_61": -0.0,
      "C_62": -0.0,
      "C_63": -0.0,
      "C_64": -0.0,
      "C_65": -0.0,
      "C_66": 30.14
    },
    {
      "oqmd_id": "695020",
      "formula": "Al2Cu",
      "elastic_tensor": [
        [
          136.5021394025834,
          95.48131866597998,
          95.48131866594031,
          4.258682364378727e-13,
          5.422627596592245e-05,
          -7.73147260528306e-13
        ],
        [
          95.48131866597998,
          136.50213940289186,
          95.48131866598024,
          3.7084159238276736e-13,
          4.8071908341145045e-05,
          -7.590373658293413e-13
        ],
        [
          95.48131866594031,
          95.48131866598024,
          136.50213940258226,
          1.279679142949357e-13,
          5.4226276089538024e-05,
          -8.202691373951567e-13
        ],
        [
          4.258682364378727e-13,
          3.7084159238276736e-13,
          1.279679142949357e-13,
          60.63511696519933,
          7.576631755666258e-14,
          5.7288926758186575e-06
        ],
        [
          5.422627596592245e-05,
          4.8071908341145045e-05,
          5.4226276089538024e-05,
          7.576631755666258e-14,
          60.635116965215516,
          1.050571386057203e-12
        ],
        [
          -7.73147260528306e-13,
          -7.590373658293413e-13,
          -8.202691373951567e-13,
          5.7288926758186575e-06,
          1.050571386057203e-12,
          60.635116965199266
        ]
      ],
      "k_voigt": 109.15,
      "g_voigt": 44.59,
      "C_11": 136.5,
      "C_21": 95.48,
      "C_22": 136.5,
      "C_31": 95.48,
      "C_32": 95.48,
      "C_33": 136.5,
      "C_41": 0.0,
      "C_42": 0.0,
      "C_43": 0.0,
      "C_44": 60.64,
      "C_51": 0.0,
      "C_52": 0.0,
      "C_53": 0.0,
      "C_54": 0.0,
      "C_55": 60.64,
      "C_61": -0.0,
      "C_62": -0.0,
      "C_63": -0.0,
      "C_64": 0.0,
      "C_65": 0.0,
      "C_66": 60.64
    },
    {
      "oqmd_id": "10434",
      "formula": "Al2CuMg",
      "elastic_tensor": [
        [
          118.43761194768358,
          48.822100263054956,
          76.3815058148935,
          5.36208864102447e-07,
          2.085279379095515e-10,
          -0.00011067579785945127
        ],
        [
          48.822100263054956,
          134.56095820407563,
          55.003416389355756,
          -2.8934651458293863e-05,
          1.607299460211653e-10,
          0.00011768631719840294
        ],
        [
          76.3815058148935,
          55.003416389355756,
          114.21168499766924,
          -0.00011276447039974453,
          4.113300398609583e-10,
          -0.0001931561619569193
        ],
        [
          5.36208864102447e-07,
          -2.8934651458293863e-05,
          -0.00011276447039974453,
          33.16015697299627,
          -6.415347827933842e-05,
          9.512421160150634e-11
        ],
        [
          2.085279379095515e-10,
          1.607299460211653e-10,
          4.113300398609583e-10,
          -6.415347827933842e-05,
          42.58775742169109,
          2.2741634050110658e-05
        ],
        [
          -0.00011067579785945127,
          0.00011768631719840294,
          -0.0001931561619569193,
          9.512421160150634e-11,
          2.2741634050110658e-05,
          33.515152894945516
        ]
      ],
      "k_voigt": 80.85,
      "g_voigt": 34.32,
      "C_11": 118.44,
      "C_21": 48.82,
      "C_22": 134.56,
      "C_31": 76.38,
      "C_32": 55.0,
      "C_33": 114.21,
      "C_41": 0.0,
      "C_42": -0.0,
      "C_43": -0.0,
      "C_44": 33.16,
      "C_51": 0.0,
      "C_52": 0.0,
      "C_53": 0.0,
      "C_54": -0.0,
      "C_55": 42.59,
      "C_61": -0.0,
      "C_62": 0.0,
      "C_63": -0.0,
      "C_64": 0.0,
      "C_65": 0.0,
      "C_66": 33.52
    },
    {
      "oqmd_id": "NOTINOQMD_00001",
      "formula": "Al2Cu",
      "elastic_tensor": [
        [
          153.4874336744525,
          84.45060066066316,
          72.49729161615521,
          2.2895032280209522e-14,
          -1.603421088358797e-13,
          3.9692035650412003e-14
        ],
        [
          84.45060066066316,
          153.48743367444948,
          72.49729161615366,
          -1.5337771315727476e-13,
          5.443517780324153e-13,
          -4.277047239736099e-13
        ],
        [
          72.49729161615521,
          72.49729161615366,
          163.89162860098136,
          1.943021633885575e-13,
          1.3548112106367808e-13,
          -5.603790178690888e-13
        ],
        [
          2.2895032280209522e-14,
          -1.5337771315727476e-13,
          1.943021633885575e-13,
          32.926994947201806,
          2.3382929604709936e-13,
          6.374919709101195e-14
        ],
        [
          -1.603421088358797e-13,
          5.443517780324153e-13,
          1.3548112106367808e-13,
          2.3382929604709936e-13,
          32.92699494720184,
          -2.752271408997446e-14
        ],
        [
          3.9692035650412003e-14,
          -4.277047239736099e-13,
          -5.603790178690888e-13,
          6.374919709101195e-14,
          -2.752271408997446e-14,
          46.613206006036684
        ]
      ],
      "k_voigt": 103.31,
      "g_voigt": 38.59,
      "C_11": 153.49,
      "C_21": 84.45,
      "C_22": 153.49,
      "C_31": 72.5,
      "C_32": 72.5,
      "C_33": 163.89,
      "C_41": 0.0,
      "C_42": -0.0,
      "C_43": 0.0,
      "C_44": 32.93,
      "C_51": -0.0,
      "C_52": 0.0,
      "C_53": 0.0,
      "C_54": 0.0,
      "C_55": 32.93,
      "C_61": 0.0,
      "C_62": -0.0,
      "C_63": -0.0,
      "C_64": 0.0,
      "C_65": -0.0,
      "C_66": 46.61
    },
    {
      "oqmd_id": "NOTINOQMD_00002",
      "formula": "Al3Cu",
      "elastic_tensor": [
        [
          139.77682492521666,
          77.07550515843108,
          75.02495186333545,
          3.0937279260625854e-13,
          -3.353398793829169e-13,
          -3.679419463280937e-13
        ],
        [
          77.07550515843108,
          139.77682492521762,
          75.02495186333591,
          1.6873591267202568e-13,
          -3.640384836446262e-13,
          -8.757175037097851e-14
        ],
        [
          75.02495186333545,
          75.02495186333591,
          130.8679614538558,
          6.14504383234472e-13,
          -5.4268101316534445e-14,
          -4.4894080544002647e-13
        ],
        [
          3.0937279260625854e-13,
          1.6873591267202568e-13,
          6.14504383234472e-13,
          36.86016914438781,
          -2.704043282279207e-13,
          1.0424470725341504e-13
        ],
        [
          -3.353398793829169e-13,
          -3.640384836446262e-13,
          -5.4268101316534445e-14,
          -2.704043282279207e-13,
          36.8601691443872,
          1.433915418786141e-13
        ],
        [
          -3.679419463280937e-13,
          -8.757175037097851e-14,
          -4.4894080544002647e-13,
          1.0424470725341504e-13,
          1.433915418786141e-13,
          29.1075658911728
        ]
      ],
      "k_voigt": 96.07,
      "g_voigt": 32.79,
      "C_11": 139.78,
      "C_21": 77.08,
      "C_22": 139.78,
      "C_31": 75.02,
      "C_32": 75.02,
      "C_33": 130.87,
      "C_41": 0.0,
      "C_42": 0.0,
      "C_43": 0.0,
      "C_44": 36.86,
      "C_51": -0.0,
      "C_52": -0.0,
      "C_53": -0.0,
      "C_54": -0.0,
      "C_55": 36.86,
      "C_61": -0.0,
      "C_62": -0.0,
      "C_63": -0.0,
      "C_64": 0.0,
      "C_65": 0.0,
      "C_66": 29.11
    }
  ]
}